94 61 24 18 52 93 26 69 6 76 24
33 61 29 89 45 30 52 34 55 65 82
210 91 37 19 60 58 89 69 12 17 89
11 16 46 27 61 43 45 62 50 82 33
197 84 88 52 80 40 45 24 12 33 66
241 39 49 50 94 23 38 59 60 5 87
112 97 39 16 27 43 27 88 18 70 62
60 45 11 38 18 58 61 57 88 76 45
191 14 38 94 15 56 50 90 29 0 47
91 25 19 59 69 81 1 68 99 26 43
249 91 38 36 8 85 52 34 59 20 89
163 58 39 79 79 93 98 75 13 3 52
34 9 47 88 3 36 15 23 88 27 9
218 16 87 42 58 60 19 1 85 35 53
159 29 66 97 4 97 3 54 62 64 10
195 97 21 26 77 18 56 78 69 9 33
10 38 50 38 25 94 3 49 77 79 83
181 14 48 7 83 44 78 58 14 92 1
120 62 65 76 36 97 51 73 66 95 73
244 0 0 5 73 10 88 93 62 75 71
37 94 45 21 3 50 4 51 41 73 7
26 74 4 54 94 16 0 31 90 5 2
242 46 80 39 54 53 23 75 37 7 84
211 10 91 40 57 89 28 18 77 46 93
162 84 64 36 12 23 29 83 3 16 79
164 41 39 8 20 77 43 83 78 37 33
61 45 56 80 52 32 62 88 84 29 35
148 64 9 63 16 61 39 6 36 21 96
246 43 51 25 69 25 57 78 56 43 23
185 75 74 18 52 77 60 42 99 81 40
190 79 91 12 22 52 72 51 66 9 86
21 41 99 82 29 53 97 25 50 32 97
126 53 23 91 49 15 55 66 26 50 27
65 95 33 3 73 45 54 79 72 92 36
158 65 97 94 95 77 30 30 93 9 61
142 53 59 68 83 78 41 9 46 47 87
139 92 69 71 89 60 44 0 13 24 30
215 87 87 65 68 67 33 23 68 41 22
118 40 45 48 17 50 11 19 89 56 92
87 93 56 1 12 25 21 88 10 0 66
94 71 75 80 38 62 95 68 47 27 9
123 31 11 88 8 14 65 56 95 16 78
188 64 78 95 93 80 36 97 60 69 37
166 68 22 53 54 31 90 0 12 80 88
49 37 15 76 16 45 55 62 40 61 32
68 97 32 24 35 81 78 93 52 55 12
16 51 98 0 66 61 11 42 97 86 3
244 13 6 84 5 27 71 34 63 59 52
33 75 4 57 48 34 75 34 12 44 46
229 53 80 39 48 91 45 55 95 79 86
146 7 68 65 10 46 63 72 89 92 25
136 82 12 77 27 92 6 92 32 61 12
31 34 75 90 12 32 78 53 1 3 40
92 46 95 42 51 84 67 96 74 93 30
39 58 91 11 66 89 12 62 6 26 11
220 56 59 96 25 91 86 49 42 90 28
237 15 58 52 10 23 66 41 58 13 2
123 44 69 20 68 73 23 28 99 1 23
54 54 71 44 25 27 69 38 52 1 1
4 22 45 24 55 71 0 82 83 84 28
184 78 34 73 30 76 58 49 14 38 43
51 9 71 78 30 43 18 26 23 23 42
126 99 72 54 49 0 89 53 99 15 88
185 57 98 41 20 50 79 23 95 1 82
189 13 1 1 77 11 18 39 95 55 32
192 20 16 19 6 97 5 52 76 26 91
107 81 35 25 20 36 76 75 40 40 40
48 17 21 11 40 6 37 73 50 60 49
152 89 60 39 27 66 8 81 55 50 45
81 23 62 78 71 87 59 61 68 46 92
232 37 22 79 66 31 50 36 5 30 59
113 23 53 89 82 73 36 79 81 79 14
94 53 72 38 37 33 24 14 52 23 34
112 76 59 13 45 59 56 9 68 87 74
42 41 57 28 76 87 84 78 7 80 55
207 82 70 15 92 69 0 76 69 71 40
3 92 94 41 39 29 62 35 24 82 16
190 13 35 90 19 31 57 46 83 0 8
78 59 89 67 21 40 60 7 31 8 3
152 48 86 98 52 36 57 96 46 75 68
47 50 62 18 98 84 3 63 21 18 96
160 88 75 38 82 63 9 55 8 78 61
131 14 51 84 66 44 64 75 38 85 69
68 50 33 56 83 69 14 33 17 70 63
191 39 82 29 6 41 20 63 4 96 61
50 42 39 33 48 33 62 24 44 29 50
174 53 68 57 4 66 92 68 54 13 84
192 78 95 96 27 48 12 87 7 66 54
6 43 0 22 95 61 5 42 29 92 33
105 44 14 66 50 44 95 86 51 50 92
71 73 12 53 18 49 29 82 83 28 79
117 91 59 74 39 78 32 32 42 20 63
3 44 88 31 84 62 4 23 33 34 71
191 83 60 28 22 78 80 86 89 84 67
145 87 58 63 37 61 41 94 92 15 5
57 35 37 53 55 43 98 30 76 81 80
18 53 84 84 97 8 69 63 4 11 62
144 18 25 69 53 99 45 66 36 49 87
40 58 14 92 8 61 65 93 94 80 80
156 38 42 86 31 77 45 55 49 33 83
156 67 73 67 65 30 21 58 37 11 16
181 14 60 11 45 4 25 98 68 54 69
163 26 44 87 50 67 3 87 26 82 54
199 76 88 92 50 75 19 60 14 8 48
99 9 19 40 71 50 56 84 55 31 48
185 84 17 11 67 43 94 87 37 96 15
47 46 4 44 53 16 84 85 52 91 12
131 78 37 82 91 40 45 88 32 70 7
74 50 20 43 37 57 29 45 68 13 3
63 5 6 99 65 57 21 73 23 68 87
95 0 6 58 66 33 38 20 41 77 4
106 3 42 16 15 73 74 69 2 23 97
22 37 13 4 9 48 89 18 94 34 49
6 34 24 40 23 3 11 55 8 12 67
168 2 37 58 79 60 80 94 95 35 82
20 51 46 53 2 77 19 13 94 95 33
205 16 14 65 39 29 88 30 61 5 36
140 58 38 33 54 69 93 95 39 57 43
252 66 74 77 89 83 94 31 49 32 78
159 54 5 92 82 73 20 40 23 37 33
5 12 72 75 12 63 71 1 36 83 96
248 52 46 60 50 38 44 23 43 45 26
71 98 79 79 91 32 86 21 47 86 47
39 93 6 47 9 46 71 46 83 87 77
4 27 35 0 66 62 90 71 26 69 78
135 84 23 95 22 55 59 98 51 88 7
63 97 73 59 71 28 82 3 5 91 81
118 57 1 47 1 6 73 12 87 43 96
46 16 4 2 50 37 48 1 69 4 44
203 17 67 69 85 54 66 30 75 61 69
94 52 87 59 67 20 89 70 69 2 14
251 87 63 53 66 18 76 69 31 75 89
141 21 66 90 0 37 1 62 38 61 48
202 66 26 42 54 58 95 16 68 42 41
29 55 71 63 72 48 81 62 34 72 93
249 9 12 68 75 54 85 87 50 47 96
124 63 3 12 30 84 13 78 45 3 96
149 97 56 78 82 96 32 56 46 35 91
142 42 6 43 62 63 38 97 90 67 12
48 78 37 96 40 34 20 5 99 21 22
116 36 96 64 78 4 33 8 25 20 27
161 70 55 45 98 29 50 27 46 39 86
0 37 86 64 90 18 65 18 6 39 5
162 95 62 80 43 48 89 54 63 46 0
223 49 47 31 29 34 66 96 38 35 85
15 14 15 61 13 28 60 60 44 58 14
209 73 73 15 83 90 81 71 7 27 84
72 76 77 82 73 6 6 47 80 46 41
126 72 9 50 96 29 11 11 20 65 1
66 19 26 32 16 37 25 58 34 77 7
247 32 43 91 22 73 97 72 1 7 43
132 59 70 51 36 74 13 70 87 83 89
114 84 2 13 46 50 46 90 36 94 90
76 98 77 10 38 39 9 82 28 83 74
245 72 68 93 78 22 83 73 68 74 12
208 64 50 88 29 5 81 82 90 21 12
103 26 78 67 55 73 68 71 13 92 86
195 28 17 91 24 49 24 49 40 11 21
169 78 71 82 88 89 69 33 76 86 69
207 77 90 53 20 53 20 13 6 72 49
237 82 7 26 80 65 22 92 5 60 52
50 84 16 53 19 8 42 65 62 39 25
200 43 9 29 48 88 64 11 33 82 39
102 99 21 76 2 80 44 45 88 18 20
69 74 29 92 52 0 97 39 95 45 43
154 47 53 93 3 0 21 92 61 30 53
159 52 68 1 1 56 39 12 85 15 73
142 71 8 39 71 91 59 59 36 9 1
138 36 86 41 66 68 57 13 31 69 14
36 35 41 80 21 57 25 42 51 27 46
120 27 89 20 30 81 42 52 3 13 34
91 76 32 50 45 76 6 20 49 97 18
46 13 53 46 34 27 60 98 7 4 36
63 10 9 69 92 24 19 21 92 14 45
102 58 84 2 24 21 75 59 20 49 53
205 99 0 25 17 15 49 24 19 60 89
121 15 91 63 96 93 55 5 35 77 14
59 15 5 65 25 14 82 96 47 80 32
220 37 62 69 94 65 34 64 69 3 25
167 20 46 51 53 18 83 60 60 76 78
192 17 92 81 6 70 60 53 54 98 97
128 35 88 89 0 29 31 4 31 62 96
115 43 2 13 96 53 35 91 81 39 39
110 60 76 38 16 83 84 7 59 17 16
175 19 99 32 74 5 73 63 95 96 25
206 52 10 83 76 15 87 47 87 51 92
72 71 33 90 59 61 96 76 90 18 69
158 17 45 56 35 93 62 50 0 80 38
163 30 99 79 20 60 19 20 9 99 95
53 65 97 19 36 0 87 81 82 32 31
22 9 72 58 40 78 25 98 81 65 84
149 0 84 70 3 3 61 57 62 10 44
55 78 65 3 62 85 36 11 26 32 13
255 0 63 99 74 55 93 57 37 92 39
199 18 98 61 68 92 89 17 91 80 14
139 85 27 83 67 73 52 95 9 3 35
92 47 18 54 0 52 38 15 96 48 69
1 19 16 5 99 30 7 25 44 1 45
136 85 67 97 41 19 3 30 81 71 87
136 7 93 39 39 94 97 51 95 76 33
196 23 22 90 77 25 30 97 74 14 13
189 42 89 74 53 13 54 13 60 72 45
8 54 67 56 89 30 3 99 60 13 77
44 5 68 82 27 33 54 38 22 5 56
1 13 8 30 78 46 94 13 14 21 83
22 37 55 42 97 87 83 11 72 34 53
121 26 48 10 75 24 95 5 81 97 8
92 12 68 59 73 13 16 50 60 65 38
69 33 76 4 96 6 42 83 94 37 98
153 25 42 88 5 63 3 29 94 2 25
11 61 32 17 28 81 16 16 15 64 4
238 34 2 73 83 42 97 58 78 63 6
113 18 95 76 63 75 25 17 79 61 86
194 21 5 27 26 46 4 30 52 2 27
45 83 3 33 34 85 3 57 90 45 40
108 47 18 7 27 49 6 53 91 97 76
3 58 87 31 16 8 56 89 6 68 66
12 55 98 75 24 94 87 76 38 74 1
153 37 52 40 74 53 52 10 88 17 42
6 4 21 3 36 59 21 84 53 74 29
186 85 39 4 52 36 3 44 27 22 73
229 85 89 82 65 43 15 39 88 11 95
0 3 59 98 42 52 16 1 83 79 37
125 51 63 19 75 31 87 35 6 62 77
80 80 82 59 14 93 41 53 28 4 26
72 85 63 78 90 27 26 66 63 23 64
61 39 80 82 85 78 79 75 56 86 34
81 48 58 39 9 48 52 42 40 86 49
194 25 72 37 4 54 88 17 30 95 32
53 25 7 0 71 43 81 4 33 92 80
82 70 71 68 5 63 66 92 91 97 49
46 45 35 22 27 92 72 99 47 16 95
219 31 35 83 8 10 70 79 41 60 35
239 27 98 22 79 89 28 23 47 66 78
187 38 38 99 23 21 42 63 82 35 69
220 20 48 29 3 63 9 78 79 17 80
154 35 0 58 71 70 61 95 62 22 10
140 70 44 91 6 33 97 73 54 22 16
82 52 23 64 45 37 0 49 78 62 93
174 94 42 29 40 12 86 24 62 86 91
24 15 99 17 46 59 72 40 14 67 71
78 83 80 25 61 32 76 49 80 77 52
98 37 98 90 84 1 32 30 12 10 54
4 68 83 59 28 35 63 2 57 66 79
222 22 21 9 2 85 3 47 37 87 95
119 48 7 92 6 9 52 27 93 58 40
148 76 35 82 29 89 51 28 48 43 7
177 71 30 0 49 33 61 45 40 26 0
132 73 35 84 10 29 76 84 14 89 8
43 23 38 20 47 65 54 86 62 53 89
184 50 16 17 93 8 4 22 68 97 14
57 57 95 56 27 94 67 71 21 77 54
193 17 11 51 35 36 7 49 71 65 89
21 3 16 2 52 59 93 67 49 80 72
249 26 98 64 87 58 58 34 40 16 40
169 22 52 17 28 34 47 77 92 86 63
169 1 19 3 92 53 55 38 66 99 63
208 49 98 41 76 82 20 21 19 65 0
64 37 84 17 81 59 71 3 74 36 22
254 84 87 52 56 71 77 47 45 29 37
153 33 62 91 8 71 36 80 56 63 78
80 0 77 5 76 30 30 17 81 79 86
22 24 80 27 50 72 54 1 25 68 78
146 39 66 2 17 98 78 34 44 17 47
194 30 79 82 49 50 70 30 96 30 40
38 25 92 22 52 77 93 62 35 35 56
196 26 32 57 13 83 8 31 74 44 2
253 42 1 65 42 4 34 35 84 38 41
156 82 66 21 21 56 2 34 38 45 21
159 64 50 26 54 41 69 42 50 21 65
80 43 3 83 57 45 80 86 21 76 56
130 53 60 32 64 75 0 25 38 27 32
211 36 1 84 77 93 95 59 81 37 53
95 29 94 94 80 75 14 94 1 78 26
247 30 92 50 17 61 88 28 9 84 54
129 23 37 63 56 59 44 66 40 6 82
103 74 86 88 18 58 43 82 25 71 53
145 3 81 10 93 2 12 67 11 66 77
26 30 58 18 75 15 49 95 43 47 9
179 13 41 24 6 97 14 47 92 36 19
88 37 55 57 43 50 63 5 43 56 92
38 20 91 43 21 94 81 35 76 97 67
218 29 51 40 22 53 34 31 21 40 37
138 32 84 42 2 12 10 78 81 83 44
29 6 28 75 2 78 78 2 40 69 75
248 34 45 0 69 94 73 10 69 65 75
121 4 99 8 53 10 45 33 33 82 50
187 90 45 63 44 83 16 36 84 12 46
56 99 97 52 16 88 36 41 66 81 64
102 62 85 52 64 39 95 78 59 58 35
230 51 59 42 68 8 6 25 69 37 42
93 16 79 66 52 96 42 83 17 36 21
123 67 47 66 90 76 83 84 98 77 91
96 75 70 13 89 72 21 7 49 63 47
108 70 70 72 78 49 23 88 20 72 95
141 18 84 11 17 78 1 88 20 31 66
150 19 30 73 63 77 68 22 46 86 71
202 56 20 6 65 51 49 95 67 17 10
191 69 88 80 12 89 76 49 34 82 1
214 11 83 16 96 9 68 25 29 14 26
225 70 7 61 10 2 49 36 17 88 87
60 78 51 61 22 3 20 1 3 4 41
137 51 52 30 55 37 68 42 43 80 95
203 35 97 75 85 11 69 21 21 56 28
48 88 43 17 19 16 92 35 54 95 35
255 62 26 5 3 19 57 42 6 59 4
150 27 61 0 18 92 54 98 23 58 91
134 35 80 62 93 73 66 89 0 67 38
191 75 48 44 48 58 60 75 57 89 61
186 77 42 69 33 14 5 35 23 48 91
166 45 63 36 32 39 24 18 98 83 57
0 37 72 12 7 47 16 19 48 85 64
78 21 16 48 87 18 93 27 96 74 41
229 40 59 79 54 33 26 9 84 85 32
219 21 61 46 49 93 65 53 98 70 85
108 22 67 93 82 0 62 53 64 68 7
242 32 64 21 6 81 48 65 57 94 7
37 94 66 20 12 84 40 92 30 90 1
122 36 3 29 9 55 2 64 75 95 17
76 2 6 60 28 42 35 57 81 80 63
200 6 42 92 14 79 55 4 53 32 32
87 45 7 91 54 3 83 29 52 10 40
66 25 15 57 43 31 21 38 80 87 56
215 31 92 49 21 43 38 54 49 44 49
59 24 96 35 21 32 47 56 63 94 77
25 54 80 69 48 10 10 26 21 24 76
182 55 87 43 60 48 60 40 37 11 7
91 93 94 54 68 36 5 57 45 33 21
12 74 22 70 11 18 96 92 11 55 76
206 40 10 47 47 85 71 14 48 3 97
151 59 16 42 77 16 55 80 14 34 67
168 66 19 15 37 80 58 76 66 99 71
188 97 22 94 1 97 2 40 48 32 19
41 16 56 64 45 80 69 42 75 86 24
90 29 18 95 60 57 16 13 93 81 45
133 85 59 73 71 70 23 41 7 74 80
93 56 12 22 34 19 88 9 41 19 62
156 53 73 1 81 44 68 90 56 13 8
13 13 85 37 57 86 86 19 37 7 96
32 33 50 98 56 5 92 0 48 63 49
70 86 46 1 4 1 71 37 47 89 54
238 30 81 31 2 84 83 94 99 35 8
226 91 36 82 87 44 20 21 65 34 47
105 56 81 27 71 89 97 20 76 8 41
200 0 60 42 19 81 82 16 48 70 21
59 68 33 73 10 48 25 92 87 61 81
10 81 5 62 14 57 0 26 23 75 12
81 15 98 90 12 45 37 38 17 32 66
221 45 66 24 57 25 27 35 76 34 52
199 10 81 59 83 92 75 69 51 85 33
216 99 18 83 97 35 10 37 66 36 90
202 50 39 95 89 23 13 67 81 79 54
151 83 94 97 84 82 34 93 78 70 18
93 87 55 24 23 1 90 84 66 65 71
146 88 0 74 80 61 36 34 62 90 59
207 68 10 98 41 45 74 31 90 5 13
23 74 8 48 3 25 14 70 86 99 65
239 16 16 30 49 20 7 68 6 34 99
100 15 96 95 98 5 12 87 55 10 11
58 12 0 34 30 6 34 86 67 55 43
223 20 1 49 1 40 8 43 56 9 52
200 57 95 96 48 86 71 84 17 28 95
104 86 8 96 85 4 31 67 26 94 61
73 24 27 10 13 97 15 74 20 52 70
60 87 59 75 15 55 71 66 55 71 57
254 57 59 93 38 77 84 87 34 10 95
75 77 72 5 93 95 61 57 99 0 79
236 48 19 67 12 38 28 86 14 9 41
37 70 81 27 2 88 55 63 19 38 71
39 24 3 74 81 72 30 2 29 64 14
220 31 70 68 48 20 19 21 6 52 21
226 45 20 53 53 47 27 72 30 22 21
241 95 17 85 61 84 32 24 35 64 15
78 38 12 55 42 54 12 5 90 21 21
3 48 96 91 68 80 31 97 34 77 54
173 14 11 86 12 41 75 1 51 66 62
34 46 66 75 12 95 65 13 9 35 53
71 62 11 80 63 58 30 38 8 55 62
216 5 93 50 57 59 30 20 63 7 43
84 23 75 51 82 6 98 1 3 54 43
246 23 77 96 20 97 70 7 36 61 74
219 88 17 40 86 36 41 35 58 65 23
236 83 47 19 53 31 17 87 22 9 1
105 21 81 83 61 16 94 62 64 13 27
170 32 92 65 95 84 4 22 77 61 33
69 60 5 78 12 8 28 54 12 30 4
199 38 69 15 99 39 10 51 84 47 75
206 81 68 70 62 97 2 39 94 84 6
100 85 66 69 65 78 7 47 22 10 45
16 48 77 56 80 25 89 74 93 83 50
161 55 11 60 83 95 22 36 73 26 50
114 84 41 16 75 97 96 19 20 99 87
24 14 48 8 95 11 70 15 98 57 33
130 42 88 99 97 16 30 58 60 30 28
3 42 7 57 49 63 61 17 38 99 59
15 94 23 52 49 33 96 18 46 54 39
173 81 91 94 43 82 25 35 25 61 79
182 85 60 84 60 12 69 3 70 41 13
125 48 27 27 49 65 3 86 62 21 10
126 83 51 15 50 56 56 64 6 90 75
245 66 69 75 85 85 20 40 16 70 54
198 18 42 44 54 93 62 86 2 86 48
96 86 43 73 12 78 43 91 46 45 18
12 94 50 54 40 7 35 89 67 76 22
204 59 69 34 40 17 49 86 8 43 86
75 3 30 29 98 26 73 82 18 94 79
105 28 73 18 12 79 49 45 99 96 49
29 19 41 45 44 4 85 29 10 94 2
139 83 55 41 40 80 67 14 36 74 32
18 32 24 63 83 88 92 8 47 32 34
127 5 39 60 47 84 97 16 17 94 70
254 48 74 33 72 63 88 18 79 77 42
180 82 26 95 7 53 16 30 89 31 56
169 28 71 72 48 43 38 95 24 79 84
185 45 89 30 97 88 80 56 86 15 24
65 35 94 21 76 15 38 76 43 20 57
15 35 12 87 41 56 99 24 61 50 71
228 18 47 94 90 82 25 84 73 81 75
192 17 1 91 36 23 71 83 1 70 46
40 58 30 18 94 6 37 96 22 36 91
136 58 40 8 0 52 87 85 12 57 0
152 69 99 30 94 99 2 59 31 21 80
40 94 28 28 59 39 19 95 45 40 91
38 24 35 67 86 56 36 84 49 38 64
44 58 79 37 26 29 30 98 79 43 84
166 12 66 2 76 73 96 25 80 28 72
51 21 67 57 2 20 84 78 14 20 43
198 29 58 38 84 19 58 55 61 85 27
255 97 49 48 77 23 9 38 75 64 42
68 70 10 41 26 97 12 94 16 69 32
28 89 68 23 81 34 85 42 56 36 11
216 24 30 30 80 36 29 91 46 54 68
169 26 4 8 40 57 59 64 77 93 8
93 61 22 45 63 95 72 43 83 37 94
92 29 26 74 33 39 1 17 85 44 56
198 64 31 74 57 60 68 52 93 27 71
135 58 4 17 31 48 87 20 73 27 28
86 27 35 46 8 79 58 51 85 22 77
241 93 26 99 40 25 56 2 49 28 84
173 36 5 31 77 83 89 2 26 13 43
178 22 94 0 48 29 87 4 6 69 8
129 47 2 24 87 88 72 47 30 72 61
217 23 41 9 29 75 61 96 34 26 89
158 65 95 14 66 40 10 8 50 75 97
91 29 94 28 97 44 7 45 85 58 19
14 41 57 1 56 67 71 6 75 26 70
10 77 36 73 59 59 2 39 77 99 37
183 83 22 7 10 63 35 29 65 19 15
69 11 46 33 1 91 11 25 17 76 88
70 90 68 65 8 88 69 79 35 53 80
245 74 30 17 44 22 41 95 61 43 45
164 6 70 60 3 84 76 70 15 69 54
137 62 55 30 56 64 95 88 11 6 1
79 84 91 51 26 15 89 79 8 73 84
67 5 77 30 4 45 71 20 50 28 76
124 80 90 19 97 0 61 93 9 98 95
45 50 51 84 84 47 99 84 51 81 2
77 48 66 11 12 23 60 13 16 98 35
109 40 30 20 78 58 63 44 65 17 75
75 21 32 6 33 95 30 40 5 51 82
53 5 6 49 80 36 40 23 81 26 39
162 25 76 66 61 76 56 33 64 21 9
1 80 34 31 78 38 43 42 23 2 8
189 9 52 78 37 65 7 8 66 25 94
198 97 6 89 60 17 64 43 70 6 95
203 64 31 91 88 48 23 3 4 67 85
223 16 41 11 96 49 68 97 40 30 3
227 71 86 93 75 43 71 51 36 64 37
44 95 80 38 58 62 29 92 31 97 81
93 10 94 81 38 83 86 95 6 45 87
218 84 55 8 2 53 86 61 58 4 53
251 75 19 24 41 4 5 60 42 64 58
58 42 42 10 99 25 36 71 53 80 31
216 38 38 30 87 90 84 35 15 71 1
195 94 19 14 99 2 15 49 84 27 67
128 74 90 20 89 72 16 85 66 49 55
166 49 51 89 23 81 26 83 7 17 87
155 70 41 99 56 31 95 56 12 76 36
176 53 27 10 70 35 48 37 33 18 48
91 11 15 36 33 23 35 30 8 63 90
241 39 32 67 68 48 8 39 98 45 38
111 93 87 70 94 17 39 51 62 86 91
219 16 20 87 43 28 1 25 66 85 8
183 81 99 39 21 97 29 24 39 42 29
212 6 26 13 7 64 95 13 40 22 31
75 27 32 20 11 13 50 38 96 95 46
182 61 74 88 15 56 74 20 7 64 16
245 27 98 88 23 51 28 60 25 69 90
91 50 44 23 10 59 23 51 26 19 73
145 57 1 50 76 1 59 29 91 89 20
186 91 25 84 99 50 42 10 63 22 20
66 25 45 74 35 77 51 30 47 0 84
108 81 66 91 75 32 32 87 79 41 90
35 94 93 99 91 4 22 36 61 25 51
183 34 23 68 79 69 23 36 66 21 63
48 78 66 76 77 46 10 57 77 42 21
241 30 94 24 71 40 49 28 84 35 89
132 95 35 66 60 73 75 97 85 3 43
202 81 6 54 2 46 80 71 31 67 97
253 44 2 56 3 86 66 42 98 23 47
140 11 34 4 46 98 53 3 55 54 44
246 21 40 93 34 45 93 36 21 2 19
157 35 22 64 75 66 77 65 69 31 87
66 61 97 23 5 40 23 53 38 52 52
133 23 47 64 8 0 63 68 44 97 54
246 16 21 74 98 40 84 61 50 57 18
198 1 38 69 80 67 43 44 99 68 13
45 23 63 72 25 0 8 21 78 30 63
202 22 41 69 13 36 29 56 98 88 43
163 61 47 68 63 42 50 42 89 29 92
91 9 56 70 58 61 63 23 31 69 43
247 51 26 87 3 17 57 18 94 48 50
45 97 9 76 75 1 49 82 89 85 99
65 80 15 42 3 78 26 43 32 56 61
31 53 20 99 49 89 65 52 48 9 33
140 91 81 9 8 63 69 28 86 11 95
140 35 31 37 65 25 85 57 55 0 41
190 8 57 54 93 7 71 83 8 28 41
96 15 50 61 50 44 62 47 53 75 30
148 65 70 22 56 94 37 38 87 45 14
182 80 93 42 31 19 24 54 10 69 14
192 84 85 72 40 4 63 82 3 76 42
197 15 91 93 48 62 66 1 64 42 70
15 44 46 4 55 69 53 19 85 90 69
31 37 38 25 67 67 8 27 16 30 92
170 0 30 45 76 66 41 4 70 76 33
58 15 61 52 40 21 25 53 69 49 60
4 73 5 39 29 39 61 53 71 18 30
71 68 27 34 99 90 29 76 97 50 99
142 11 33 26 94 13 33 34 34 92 46
6 85 18 20 2 46 8 78 24 67 1
223 57 7 62 76 3 37 61 91 10 60
231 49 86 86 45 57 71 20 6 22 26
162 58 43 72 18 4 11 27 65 69 42
33 53 69 7 8 2 91 23 20 62 40
2 16 21 86 67 39 76 74 87 44 85
7 20 38 57 51 87 91 27 3 17 56
98 6 82 7 41 6 56 71 38 32 37
244 40 98 92 72 64 25 54 54 95 9
175 75 1 94 52 79 17 70 46 54 83
177 17 28 19 65 78 18 38 20 80 56
186 74 89 81 73 67 3 97 29 43 60
173 77 36 49 41 18 85 93 97 28 33
245 38 31 50 19 41 89 22 47 31 62
90 40 50 64 15 3 6 16 88 30 56
125 40 7 72 10 60 47 41 70 20 91
174 21 90 17 54 82 45 66 46 78 62
114 53 3 20 87 54 27 21 55 21 99
84 99 53 31 86 33 64 98 21 90 38
137 93 21 93 67 67 48 7 84 20 34
164 35 81 61 55 35 90 5 48 5 60
143 26 13 63 45 39 39 75 44 57 69
87 26 31 62 51 98 47 33 41 26 60
19 79 9 94 89 39 19 8 88 30 40
9 70 21 21 18 44 77 79 4 1 78
170 40 12 12 96 97 24 93 48 94 43
15 22 43 21 43 28 35 10 5 35 81
83 42 8 94 19 42 78 10 60 16 87
45 20 39 38 96 92 80 94 7 86 20
255 3 20 72 16 25 71 53 41 37 53
244 66 62 59 41 85 33 43 61 36 83
203 66 92 18 34 76 91 8 65 87 50
180 9 74 39 0 46 61 30 43 48 64
94 70 66 27 47 52 50 5 16 40 57
119 97 70 16 2 47 63 31 66 12 36
243 55 97 22 10 3 33 37 7 10 20
152 67 75 12 42 27 32 17 1 30 96
132 5 90 34 40 38 28 4 24 96 27
102 60 1 10 38 59 33 46 24 4 85
132 4 22 96 13 56 80 26 24 32 18
189 32 37 93 19 45 43 17 24 6 94
206 33 0 3 74 26 48 39 60 22 78
249 9 13 79 21 91 96 49 6 22 82
240 84 5 18 66 28 39 44 68 51 74
159 98 52 52 2 66 67 65 6 81 99
248 47 41 95 81 34 72 54 43 39 62
196 98 21 84 39 74 58 96 99 57 2
142 85 53 28 50 77 69 60 44 30 27
31 7 48 14 48 48 11 42 48 35 68
72 25 40 53 92 24 57 5 92 99 93
82 78 72 3 83 84 12 61 27 8 70
19 27 32 78 2 41 40 31 51 79 25
115 41 52 87 49 48 17 22 82 95 73
140 54 13 29 1 16 31 40 1 59 33
30 53 97 25 33 37 0 7 55 11 89
139 11 49 28 48 62 12 85 34 17 29
211 19 70 89 34 37 81 90 58 33 67
84 94 28 80 77 76 49 12 5 49 0
217 54 44 64 7 36 76 54 76 70 89
12 64 96 18 1 51 87 42 55 41 11
170 25 50 34 53 5 77 54 27 64 31
189 36 53 19 65 64 95 95 57 10 25
112 52 87 35 30 69 27 54 91 83 1
218 24 29 79 88 54 20 8 67 7 90
146 34 14 64 30 49 28 54 81 54 22
74 45 10 42 70 32 54 18 11 9 27
138 33 26 80 78 26 48 75 70 44 13
248 87 37 11 33 42 30 75 1 84 25
64 6 1 61 59 38 91 1 7 94 20
28 91 38 87 49 90 56 80 12 3 54
127 73 79 93 17 53 7 39 97 45 52
123 0 75 37 33 23 59 45 29 29 64
49 74 32 15 1 38 31 20 82 74 13
78 32 48 45 0 45 55 17 5 93 14
235 40 98 4 73 12 97 42 17 38 98
149 33 11 99 98 20 31 9 35 57 72
159 12 6 48 35 84 91 68 44 48 17
21 51 13 55 36 96 56 40 34 9 43
86 23 63 40 23 59 57 49 45 71 73
255 99 84 12 98 17 49 22 42 7 82
43 73 96 71 76 22 0 35 93 80 33
29 60 35 16 13 75 71 85 58 9 63
43 80 19 93 77 50 87 39 3 15 18
0 78 78 64 23 76 60 55 41 26 30
112 85 24 72 45 9 66 77 33 71 12
85 0 88 18 2 8 40 5 84 74 47
138 0 29 63 7 24 52 8 12 4 22
24 50 81 21 84 26 92 16 62 49 88
249 35 83 36 78 91 60 57 24 76 69
0 91 1 29 13 94 16 67 76 38 69
242 70 43 51 98 10 72 76 58 56 12
114 15 65 46 23 85 98 62 16 94 50
8 18 46 70 39 93 12 79 41 29 43
41 36 17 3 48 42 20 13 25 7 79
110 49 19 85 65 97 0 35 55 82 28
38 79 99 65 57 90 5 43 27 59 30
125 93 3 53 11 99 28 93 36 3 2
208 79 18 56 80 24 30 48 7 46 53
22 14 37 34 55 76 36 93 12 87 82
122 88 26 54 31 64 15 65 2 85 98
135 94 38 10 94 49 24 90 62 1 84
42 88 2 54 27 62 87 44 94 30 73
209 46 40 30 67 64 45 70 43 63 43
105 81 19 10 34 49 68 77 29 43 90
78 29 40 32 65 95 79 44 41 78 30
236 26 64 77 15 47 25 39 45 12 22
122 80 15 58 13 20 56 48 2 78 14
196 37 51 10 76 31 81 24 62 46 11
21 66 37 80 36 0 9 99 94 21 23
190 54 95 43 73 3 68 9 63 52 61
156 46 92 98 10 86 12 48 79 99 26
59 62 77 64 20 42 79 70 25 0 51
134 29 72 14 49 46 20 98 68 82 6
210 56 10 43 23 84 56 73 82 72 90
93 77 17 74 45 20 76 13 68 93 15
67 43 99 7 38 85 1 21 64 53 63
233 17 35 81 69 31 56 40 86 65 63
247 72 81 50 11 84 44 14 51 86 60
233 20 47 13 97 36 88 45 7 49 64
83 28 56 78 85 41 22 54 71 44 48
152 20 18 27 1 43 12 79 44 2 63
104 0 70 63 14 71 54 60 93 3 36
80 44 74 36 17 75 86 26 31 66 88
250 99 29 61 84 90 31 26 82 6 66
79 51 19 49 17 45 3 26 96 65 99
237 38 17 78 76 41 65 9 56 32 26
170 90 13 84 22 95 82 11 58 49 55
61 64 13 54 69 57 45 79 70 34 15
22 52 68 43 82 3 79 68 95 85 50
95 56 79 74 43 59 88 29 60 8 13
131 89 63 35 31 54 93 62 97 83 16
202 52 95 69 0 32 19 90 91 35 62
114 70 30 69 51 98 99 75 15 57 61
254 42 12 96 18 25 84 48 55 26 32
61 44 0 88 39 47 63 70 43 97 25
33 31 93 51 43 28 66 36 47 60 72
147 89 98 25 63 35 22 88 65 11 4
88 20 14 2 35 97 29 42 13 53 27
130 43 94 45 80 87 86 22 96 43 8
213 80 99 81 88 11 34 27 94 23 31
60 54 5 67 78 10 43 83 27 32 67
85 67 20 78 38 56 32 90 83 6 74
92 2 13 37 91 15 58 58 4 1 9
211 41 9 97 15 66 38 90 45 50 16
5 66 84 76 44 94 3 40 91 4 1
177 35 9 55 18 34 46 59 98 74 50
183 92 66 91 33 77 57 75 64 12 49
245 74 87 39 72 11 52 52 93 36 67
85 72 92 36 58 50 56 30 83 10 96
209 84 90 77 11 42 66 89 5 62 22
32 45 24 9 57 62 90 20 77 58 77
0 64 67 66 45 33 24 90 93 77 84
83 65 15 67 3 49 42 98 93 84 46
170 65 13 91 7 42 21 61 19 40 89
17 96 70 83 48 34 85 53 42 2 92
107 81 47 17 67 27 85 41 97 6 59
132 46 66 36 29 95 80 0 36 13 1
104 26 5 42 11 77 80 97 31 89 96
73 98 73 66 0 60 4 49 47 30 67
69 3 22 7 5 8 84 37 69 64 26
219 32 75 76 52 2 82 24 27 38 64
161 84 83 47 13 75 22 62 64 63 52
194 28 35 8 97 47 44 64 3 58 62
49 34 8 85 57 54 9 68 90 7 45
192 40 61 71 23 28 60 89 42 72 17
114 23 74 80 67 29 1 54 40 17 60
64 49 45 30 68 12 6 25 50 62 9
220 70 98 45 84 38 67 27 33 73 31
113 80 11 47 26 3 75 77 5 38 47
72 35 31 7 7 66 58 54 56 78 60
18 82 96 92 98 41 50 51 22 66 9
84 7 26 78 16 58 60 19 67 89 7
23 74 23 25 21 99 62 58 30 90 80
236 94 75 50 21 1 71 8 39 68 64
105 32 45 84 81 90 8 55 0 26 63
247 49 18 4 18 43 75 93 26 43 28
157 26 17 81 19 66 2 78 86 35 94
245 29 25 55 73 78 29 12 20 92 76
146 62 45 7 35 49 24 17 1 81 66
126 68 13 66 64 93 22 18 89 86 17
163 89 84 38 5 91 51 16 77 69 12
27 71 62 91 74 90 45 65 75 43 43
231 49 27 84 28 82 0 63 86 40 88
136 39 47 79 31 94 79 39 76 47 82
86 70 22 1 69 89 69 85 19 41 47
119 81 2 83 97 26 29 73 71 19 79
92 42 42 71 98 8 74 97 41 16 99
18 5 96 16 0 96 52 27 61 81 5
24 2 41 66 81 95 31 67 53 33 73
204 86 0 37 64 5 79 91 24 75 78
34 98 69 13 2 65 28 13 0 25 81
253 29 9 31 52 57 62 54 81 1 27
171 11 45 35 46 41 93 25 23 38 63
144 88 12 66 38 40 99 52 43 95 41
156 4 73 45 8 46 40 14 97 34 98
150 42 56 52 99 93 6 97 57 38 40
154 84 50 4 18 89 54 39 54 75 57
192 49 52 32 17 6 96 13 31 46 92
81 47 85 90 87 40 93 27 55 18 77
149 8 76 60 42 52 55 56 34 99 94
98 20 67 38 19 21 38 3 16 12 96
158 73 97 49 17 77 23 34 68 90 27
234 23 87 55 73 37 79 47 26 90 43
152 56 76 10 0 53 42 9 29 95 83
168 34 61 78 92 29 13 41 82 67 93
74 56 89 45 13 62 13 65 26 32 47
138 89 41 32 30 69 9 51 24 30 88
210 85 28 10 87 33 5 5 70 26 10
105 71 30 52 49 79 30 3 21 38 69
20 67 83 5 82 12 72 0 81 17 53
5 64 65 22 10 97 53 92 62 45 19
229 76 28 96 77 50 26 40 28 66 50
47 26 13 27 95 27 56 51 39 7 51
52 96 31 46 60 16 44 29 13 16 23
116 15 52 28 47 57 55 82 3 52 63
112 41 81 60 55 91 29 47 84 96 75
85 19 71 46 81 20 56 33 61 80 84
174 76 68 65 62 26 93 54 89 1 24
78 63 11 74 79 63 3 18 52 2 90
77 87 34 19 20 12 2 41 39 71 57
157 77 15 7 64 64 15 32 2 46 92
209 84 86 31 70 15 60 5 40 40 58
126 94 71 0 98 22 53 55 95 39 53
47 12 3 32 29 84 55 52 30 46 13
228 47 69 39 90 55 37 57 66 38 70
144 83 53 41 15 6 20 0 61 59 45
111 79 29 35 80 56 50 30 54 64 3
131 77 40 9 63 80 39 7 80 86 36
176 42 42 30 31 28 39 98 35 51 94
27 49 84 60 12 42 51 96 96 80 46
196 9 40 32 45 35 58 66 55 5 1
111 39 38 6 19 23 14 99 65 14 83
73 48 90 61 54 67 32 75 78 42 58
32 64 6 79 60 26 55 71 37 79 24
199 90 34 63 17 32 99 81 93 24 50
164 24 18 60 22 53 21 41 73 60 96
107 63 82 43 26 16 41 22 96 12 86
141 80 54 98 16 58 49 54 65 90 96
47 55 15 6 7 67 93 90 98 17 20
3 70 55 85 81 24 59 94 38 54 83
144 28 8 76 85 83 4 60 4 46 65
1 96 5 41 42 11 0 43 6 82 46
109 57 12 94 23 67 66 36 9 19 65
52 23 51 27 43 16 70 9 4 81 55
244 49 66 31 35 75 65 1 65 37 66
242 52 16 80 38 47 47 99 7 73 33
208 57 7 82 57 11 76 18 39 24 39
238 88 83 53 13 73 95 23 67 46 64
245 36 79 83 3 67 99 13 17 33 82
166 76 63 98 65 28 31 60 38 32 13
27 20 13 9 13 20 33 74 47 77 71
227 85 71 84 7 97 89 34 84 52 15
181 17 36 65 51 86 60 8 91 54 48
3 40 59 50 11 35 17 95 9 23 33
91 11 76 98 64 24 36 77 7 20 26
185 51 60 29 61 81 26 13 75 98 32
81 62 81 49 73 78 63 17 52 47 60
82 10 84 79 93 31 97 43 44 13 5
67 1 85 29 4 36 72 27 10 30 13
113 80 74 62 60 40 25 92 96 25 83
158 89 32 85 12 70 15 19 85 62 6
106 21 2 68 80 93 26 11 79 46 51
8 75 50 46 69 56 66 50 87 76 30
14 40 81 79 95 94 3 68 27 1 95
208 80 18 3 21 28 98 44 25 24 1
31 35 14 74 52 10 51 27 44 6 21
131 50 6 72 86 71 35 90 92 86 51
200 16 0 87 60 30 69 86 16 55 77
67 44 86 64 34 15 67 15 80 71 35
124 47 49 93 26 93 55 29 55 76 23
2 14 78 64 60 79 74 14 56 74 28
4 4 68 70 72 39 96 4 33 76 90
28 4 66 70 11 88 1 79 89 55 96
123 7 6 91 31 36 55 56 48 56 35
138 92 48 49 85 59 13 63 36 92 28
91 94 63 90 59 96 82 35 15 9 87
150 58 75 82 99 63 16 40 77 82 45
15 62 8 43 3 27 17 0 13 28 82
97 80 21 57 82 16 97 84 7 98 44
7 6 62 3 60 37 72 57 57 57 97
62 42 45 42 9 9 58 0 74 60 44
220 61 64 81 87 70 69 90 63 34 57
200 27 35 30 68 32 69 38 66 98 92
11 59 48 47 79 28 28 82 65 39 1
201 87 0 73 53 37 36 54 49 38 49
91 11 57 78 21 26 26 31 46 10 53
26 47 73 19 76 4 19 73 54 65 87
30 60 62 44 57 56 55 44 79 50 11
132 79 1 4 91 69 23 24 40 87 85
92 97 81 53 51 3 94 26 3 27 90
18 30 54 58 51 79 49 6 12 32 95
29 94 31 17 73 4 11 17 7 68 52
54 29 93 36 60 5 12 88 36 88 69
1 62 89 29 41 70 46 97 47 59 94
32 57 81 49 44 81 42 54 88 49 45
251 54 52 73 3 38 98 72 28 66 57
24 77 3 94 76 22 60 99 70 42 93
156 83 60 36 96 90 65 81 48 72 62
98 41 90 59 2 89 57 84 99 14 24
200 55 33 29 54 77 13 67 3 76 44
60 34 11 70 24 54 40 90 29 73 85
220 33 74 91 93 88 30 47 69 39 66
68 33 41 74 35 53 8 94 86 75 21
102 94 46 82 11 34 37 70 23 50 96
58 86 54 27 25 32 13 78 35 39 90
250 17 22 6 7 3 79 94 23 27 1
174 20 70 9 89 75 58 86 56 6 6
36 55 58 19 55 24 27 67 87 60 62
154 57 90 57 32 19 15 34 33 84 78
168 59 6 4 32 63 56 56 89 12 38
202 2 22 82 74 60 98 37 2 45 95
233 4 70 88 71 15 52 79 10 77 90
210 85 1 29 6 50 15 87 15 47 72
46 60 94 0 79 32 53 21 49 7 39
83 38 36 6 45 6 23 85 10 80 0
86 90 96 48 75 27 3 31 45 67 65
101 35 88 7 42 46 72 43 24 41 19
224 28 21 33 68 33 39 51 81 50 59
45 7 52 50 73 86 59 71 7 64 49
236 82 50 70 18 0 43 93 82 82 80
181 28 54 63 4 85 99 20 57 10 90
69 93 14 43 15 13 94 19 81 21 26
175 85 53 64 12 76 54 73 44 70 56
100 40 53 50 96 12 20 63 73 70 17
40 28 59 43 12 54 85 66 69 40 32
94 68 12 52 82 14 25 97 32 36 72
17 0 69 66 27 42 95 96 70 5 4
2 70 26 9 0 66 38 72 0 92 5
175 54 51 42 59 25 91 1 40 7 6
96 21 11 3 0 52 61 73 11 87 7
166 36 78 34 67 84 4 10 45 13 36
2 17 19 94 61 92 73 53 13 88 46
247 59 50 97 54 75 79 41 50 65 96
208 73 29 74 34 13 59 61 98 97 94
0 19 39 75 38 9 99 7 33 7 72
146 56 13 76 11 57 2 26 7 38 73
180 85 91 64 44 67 99 94 57 48 42
126 59 5 84 12 60 8 80 89 37 64
179 27 35 47 86 75 11 29 0 67 63
202 23 36 87 72 64 81 86 65 21 60
213 87 76 62 92 51 78 77 17 31 53
114 50 59 33 76 42 96 10 60 22 28
251 24 38 44 1 12 10 59 59 73 90
228 91 59 24 83 31 97 45 84 31 66
78 95 65 31 24 41 77 34 90 70 38
146 33 82 25 35 14 76 95 26 61 79
239 0 53 12 37 4 63 44 92 28 33
72 49 97 36 19 48 8 88 85 82 45
68 92 78 10 52 38 52 7 79 1 2
157 11 69 9 29 88 29 72 94 32 15
101 60 33 53 42 76 94 77 0 21 44
199 35 2 49 44 51 23 69 19 76 51
27 72 20 27 38 2 23 97 37 29 20
129 12 95 72 31 9 58 9 44 83 53
212 52 64 4 29 3 58 70 65 1 14
192 65 18 96 40 93 20 35 78 98 71
18 65 60 96 52 22 28 84 88 48 95
150 12 82 94 18 20 28 34 14 9 62
192 46 26 18 40 64 77 64 86 16 30
152 21 80 41 5 67 42 16 18 32 99
239 71 48 89 6 30 38 33 54 3 72
226 65 5 86 82 12 19 15 42 24 82
180 25 15 70 83 84 69 7 41 74 77
87 51 25 55 20 51 87 99 78 61 72
18 6 49 58 14 20 40 61 91 55 44
32 25 21 80 48 84 44 61 12 23 47
41 33 85 65 49 55 53 80 44 50 64
244 65 94 43 59 48 93 83 96 31 40
156 59 0 30 77 61 35 81 97 21 77
79 9 75 49 90 65 62 98 13 67 50
24 98 2 33 80 35 2 26 87 13 17
19 3 16 55 85 98 57 54 33 28 86
230 9 29 61 98 50 40 38 15 56 74
241 81 59 55 63 65 28 88 78 70 90
37 3 94 43 61 57 79 79 5 21 55
192 16 56 54 91 10 16 82 31 72 45
255 6 28 5 13 68 94 30 54 19 1
2 85 24 90 26 2 46 43 85 71 23
9 75 69 51 64 78 82 77 66 42 80
12 85 37 81 3 0 24 16 37 36 46
194 4 35 39 16 97 72 0 18 68 42
201 53 29 20 23 43 77 37 82 64 20
71 60 63 67 77 22 95 99 76 41 22
76 56 84 3 96 51 79 50 2 79 91
184 35 81 11 83 89 1 69 21 75 43
143 56 27 8 5 13 2 31 67 70 7
154 7 16 28 69 5 23 68 17 59 63
249 95 45 69 80 92 22 75 6 79 38
118 94 98 69 95 49 48 50 23 29 74
186 20 35 13 54 72 41 13 96 73 14
147 62 59 95 53 0 75 32 95 11 80
39 64 1 49 46 60 75 9 37 4 86
67 84 39 46 16 19 3 90 41 31 60
57 85 75 90 2 86 44 39 5 44 70
64 10 23 78 9 25 69 86 21 56 62
31 69 65 74 20 86 35 10 46 80 93
137 14 74 39 35 47 8 31 53 14 11
15 89 37 55 51 93 25 8 49 95 39
35 34 95 18 36 37 91 91 73 50 23
234 40 64 38 41 68 3 13 1 28 61
195 67 6 62 20 84 51 53 97 2 46
154 5 44 84 62 85 54 12 47 14 24
79 36 41 7 23 73 81 6 22 65 51
115 49 43 93 87 55 62 42 8 29 32
245 1 17 51 6 76 55 35 81 30 4
203 62 57 15 64 68 45 82 47 62 69
59 66 49 62 9 75 47 98 47 21 94
127 48 16 2 99 54 1 26 90 74 5
41 42 81 21 7 26 40 13 8 87 43
30 28 12 20 6 66 71 12 37 30 78
7 62 61 15 74 2 16 17 79 89 90
133 61 58 94 87 42 59 15 45 48 42
47 74 73 27 77 25 72 15 26 60 22
108 23 45 80 36 32 98 15 60 27 69
212 18 12 61 3 63 78 43 82 86 80
176 67 27 45 42 5 72 41 82 14 16
135 39 63 81 6 74 61 71 77 47 79
202 7 1 94 89 13 73 8 41 56 32
221 56 4 35 69 54 96 31 94 89 44
74 30 36 17 85 55 76 89 3 64 94
97 26 5 47 32 8 35 67 52 40 84
145 31 35 20 15 29 49 69 23 9 52
202 35 6 5 79 43 41 46 80 61 10
244 83 49 46 77 69 30 33 59 70 96
25 89 68 45 68 12 1 50 19 49 5
5 59 77 34 72 54 92 54 70 52 47
78 35 85 94 16 80 61 19 83 66 12
46 95 44 47 98 61 74 93 17 1 68
115 23 76 37 96 60 93 71 50 21 81
153 41 15 3 27 19 76 27 24 96 27
143 36 10 67 54 77 83 7 59 44 93
58 2 27 86 19 67 0 77 55 97 43
88 76 85 91 44 6 31 39 19 91 84
125 58 11 46 57 11 39 42 64 90 25
52 87 34 37 73 26 85 42 31 63 9
110 10 45 83 34 89 3 84 64 91 74
194 9 16 42 18 11 28 32 76 79 39
230 11 42 80 15 99 60 55 37 94 16
0 92 6 80 88 57 56 7 52 81 98
127 0 49 50 90 97 1 41 1 73 52
150 14 94 95 53 15 50 10 86 7 22
181 61 19 58 73 95 36 94 25 33 67
57 35 2 59 25 69 31 67 20 17 29
198 30 56 90 58 47 45 22 20 57 89
96 90 46 69 35 85 49 31 10 12 63
210 76 85 10 41 84 88 7 38 3 60
54 52 73 0 48 81 51 64 54 68 0
93 79 15 48 83 15 29 90 1 36 81
8 84 28 34 42 18 10 6 4 83 45
45 32 37 44 70 10 60 62 20 42 3
122 11 17 14 19 84 55 53 34 19 74
51 51 70 27 4 68 29 72 46 10 94
117 34 73 61 68 7 5 83 59 59 34
163 22 19 5 32 28 39 48 41 5 45
65 30 36 50 62 34 55 56 50 91 86
23 46 87 3 96 70 16 8 56 98 68
231 57 30 97 82 58 70 13 52 11 50
174 76 57 5 52 66 40 20 96 43 18
200 6 50 40 3 13 67 87 31 69 84
142 1 37 34 84 60 69 47 67 46 45
161 48 43 15 2 77 0 22 98 83 92
86 82 4 67 11 96 84 66 34 54 74
65 45 8 81 13 38 8 58 66 74 87
13 65 17 45 86 39 69 1 33 90 36
140 9 4 2 39 83 65 0 38 5 38
242 83 77 15 76 77 3 56 73 69 34
19 51 87 54 55 39 33 69 85 52 22
48 30 72 37 40 66 7 43 37 76 16
219 5 46 31 71 33 92 50 92 58 65
71 94 23 24 87 28 13 18 37 7 55
